Index,pressure
0,0.6712267823378931
1,0.6615080755845987
2,0.6522099553000036
3,0.64329924816237
4,0.6347465155716444
5,0.6265255121887899
6,0.6186127384832105
7,0.6109870687992355
8,0.6036294404294019
9,0.5965225922419026
10,0.5896508437762917
11,0.5829999075619342
12,0.5765567288521108
13,0.5703093480966236
14,0.5642467823674978
15,0.5583589226596717
16,0.5094003684658513
17,0.508108712004009
18,0.5067682991886132
19,0.5053818249856744
20,0.5039519165790023
21,0.5024811281772359
22,0.5009719370323822
23,0.499426740519351
24,0.49784785413820465
25,0.4962375103132062
26,0.49459785787509497
27,0.49293096212478066
28,0.4912388053877965
29,0.48952328797924755
30,0.4860625005712312
31,0.48205774416704017
32,0.47813281787558487
33,0.4742847409618683
34,0.470510697379433
35,0.46680802426301077
36,0.46317420137543963
37,0.45960684141634656
38,0.45610368111056293
39,0.4526625730033262
40,0.4492814778972395
41,0.44595845787291233
42,0.442691669841257
43,0.4394793595807841
44,0.43631985621792396
45,0.43321156711259007
46,0.43015297311487494
47,0.4271426241620413
48,0.42417913518790534
49,0.4212611823192899
50,0.4183874993365596
51,0.41555687437733735
52,0.41276814686435315
53,0.4100202046400834
54,0.4073119812923114
55,0.404642453656148
56,0.4020106394792455
57,0.39941559523807857
58,0.396856414094158
59,0.3943322239799686
60,0.3918421858052525
61,0.3893854917750119
62,0.3869613638112998
63,0.3845690520714854
64,0.3822078335562685
65,0.3798770108012222
66,0.37757591064613677
67,0.3753038830768652
68,0.37306030013478036
69,0.37084455488930657
70,0.36865606046934557
71,0.36649424914971124
72,0.36435857148897344
73,0.362248495515382
74,0.36016350595777064
75,0.35810310351857305
76,0.35606680418627845
77,0.3540541385848498
78,0.3520646513577962
79,0.35009790058475393
80,0.3481534572285807
81,0.34623090461109984
82,0.3443298379157599
83,0.3424498637156005
84,0.34059059952500553
85,0.33875167337384426
86,0.33693272340268615
87,0.3351333974778581
88,0.33335335282520007
89,0.33159225568144673
90,0.32984978096222844
91,0.32812561194575834
92,0.3264194399713198
93,0.32473096415173497
94,0.3230598910990436
95,0.32140593466266304
96,0.3197688156793566
97,0.3181482617343698
98,0.31654400693313794
99,0.31495579168300497
100,0.3133833624844206
101,0.3118264717311275
102,0.3102848775188659
103,0.30875834346215963
104,0.3072466385187712
105,0.3057495368214354
106,0.30426681751650525
107,0.3027982646091692
108,0.30134366681490693
109,0.29990281741688574
110,0.2984755141290002
111,0.2970615589642872
112,0.29566075810845677
113,0.29427292179829495
114,0.29289786420470865
115,0.29153540332019495
116,0.2901853608505293
117,0.28884756211047913
118,0.2875218359233552
119,0.2862080145242308
120,0.28490593346665993
121,0.28361543153274155
122,0.28233635064637663
123,0.28106853578958435
124,0.2798118349217365
125,0.27856609890159034
126,0.27733118141199425
127,0.27610693888715654
128,0.27489323044236713
129,0.27368991780606733
130,0.27249686525417494
131,0.2713139395465662
132,0.27014100986562956
133,0.26897794775680633
134,0.2678246270710363
135,0.2666809239090365
136,0.26554671656733364
137,0.2644218854859886
138,0.26330631319793996
139,0.2621998842799089
140,0.2611024853048033
141,0.2600140047955623
142,0.25893433318039033
143,0.25786336274932475
144,0.25680098761208875
145,0.25574710365718445
146,0.2547016085121743
147,0.2536644015051146
148,0.2526353836270939
149,0.25161445749584055
150,0.2506015273203578
151,0.24959649886655266
152,0.24859927942382248
153,0.24760977777256657
154,0.2466279041525886
155,0.24565357023236314
156,0.24468668907913255
157,0.24372717512980904
158,0.2427749441626544
159,0.24182991326970935
160,0.24089200082994996
161,0.23996112648314744
162,0.2390372111044053
163,0.23812017677935593
164,0.23720994677999158
165,0.23630644554111196
166,0.2354095986373689
167,0.23451933276088635
168,0.23363557569944118
169,0.23275825631518643
170,0.23188730452389716
171,0.23102265127472849
172,0.230164228530464
173,0.2293119692482453
174,0.22846580736076397
175,0.22762567775790457
176,0.22679151626882296
177,0.2259632596444515
178,0.2251408455404119
179,0.22432421250033127
180,0.2235132999395431
181,0.22270804812916692
182,0.22190839818055266
183,0.22111429203008154
184,0.2203256724243116
185,0.21954248290545972
186,0.2187646677972093
187,0.21799217219083641
188,0.2172249419316435
189,0.21646292360569333
190,0.21570606452683586
191,0.21495431272401824
192,0.2142076169288709
193,0.2134659265635642
194,0.2127291917289249
195,0.21199736319280943
196,0.21127039237872378
197,0.21054823135468617
198,0.2098308328223245
199,0.2091181501062031
200,0.20841013714337375
201,0.20770674847314258
202,0.20700793922705127
203,0.20631366511906357
204,0.205623882435953
205,0.20493854802788913
206,0.20425761929921282
207,0.20358105419940026
208,0.20290881121420817
209,0.2022408493569973
210,0.2015771281602286
211,0.20091760766712996
212,0.20026224842352652
213,0.19961101146983282
214,0.19896385833320224
215,0.19832075101982985
216,0.19768165200740534
217,0.1970465242377115
218,0.19641533110936663
219,0.19578803647070583
220,0.19516460461279939
221,0.19454500026260266
222,0.1939291885762381
223,0.19331713513240273
224,0.19270880592590112
225,0.1921041673612982
226,0.1915031862466924
227,0.19090582978760348
228,0.19031206558097413
229,0.18972186160928262
230,0.1891351862347632
231,0.18855200819373324
232,0.18797229659102316
233,0.18739602089450821
234,0.18682315092973917
235,0.18625365687467038
236,0.1856875092544822
237,0.18512467893649592
238,0.1845651371251808
239,0.18400885535724865
240,0.18345580549683585
241,0.18290595973077095
242,0.182359290563925
243,0.1818157708146433
244,0.1812753736102581
245,0.18073807238267794
246,0.18020384086405505
247,0.17967265308252656
248,0.17914448335802988
249,0.17861930629818965
250,0.1780970967942751
251,0.1775778300172267
252,0.17706148141375014
253,0.17654802670247638
254,0.1760374418701878
255,0.17552970316810723
256,0.17502478710824418
257,0.17452267045981276
258,0.17402333024570185
259,0.17352674373900515
260,0.17303288845961018
261,0.17254174217084145
262,0.17205328287616167
263,0.17156748881592446
264,0.171084338464182
265,0.17060381052554416
266,0.17012588393208838
267,0.16965053784032044
268,0.16917775162818327
269,0.1687075048921151
270,0.16823977744415425
271,0.16777454930909022
272,0.16731180072166071
273,0.1668515121237925
274,0.16639366416188736
275,0.16593823768414961
276,0.16548521373795674
277,0.16503457356727086
278,0.16458629861009122
279,0.16414037049594604
280,0.16369677104342417
281,0.1632554822577444
282,0.16281648632836285
283,0.16237976562661738
284,0.16194530270340848
285,0.16151308028691483
286,0.16108308128034568
287,0.1606552887597256
288,0.16022968597171466
289,0.15980625633146053
290,0.15938498342048413
291,0.15896585098459629
292,0.1585488429318469
293,0.15813394333050382
294,0.15772113640706287
295,0.15731040654428732
296,0.15690173827927653
297,0.1564951163015634
298,0.15609052545124025
299,0.1556879507171119
300,0.1552873772348766
301,0.1548887902853336
302,0.15449217529261663
303,0.15409751782245354
304,0.15370480358045155
305,0.15331401841040712
306,0.15292514829264056
307,0.1525381793423547
308,0.15215309780801736
309,0.15176989006976704
310,0.1513885426378415
311,0.1510090421510291
312,0.15063137537514212
313,0.1502555292015118
314,0.14988149064550513
315,0.14950924684506212
316,0.14913878505925418
317,0.1487700926668632
318,0.14840315716497984
319,0.1480379661676222
320,0.14767450740437318
321,0.1473127687190382
322,0.1469527380683196
323,0.14659440352051184
324,0.14623775325421276
325,0.14588277555705392
326,0.1455294588244484
327,0.14517779155835503
328,0.14482776236606063
329,0.14447935995897832
330,0.14413257315146247
331,0.14378739085964015
332,0.1434438021002575
333,0.14310179598954303
334,0.14276136174208565
335,0.14242248866972787
336,0.14208516618047404
337,0.14174938377741325
338,0.14141513105765702
339,0.14108239771129044
340,0.1407511735203385
341,0.14042144835774484
342,0.14009321218636536
343,0.13976645505797408
344,0.1394411671122833
345,0.13911733857597586
346,0.13879495976175005
347,0.1384740210673781
348,0.1381545129747761
349,0.13783642604908622
350,0.13751975093777127
351,0.13720447836972094
352,0.1368905991543695
353,0.13657810418082517
354,0.13626698441701052
355,0.13595723090881423
356,0.13564883477925369
357,0.13534178722764828
358,0.13503607952880342
359,0.13473170303220502
360,0.1344286491612241
361,0.13412690941233177
362,0.13382647535432396
363,0.13352733862755642
364,0.1332294909431887
365,0.13293292408243843
366,0.13263762989584454
367,0.13234360030254008
368,0.1320508272895338
369,0.1317593029110009
370,0.13146901928758292
371,0.131179968605696
372,0.13089214311684805
373,0.13060553513696385
374,0.1303201370457194
375,0.13003594128588386
376,0.12975294036266957
377,0.1294711268430908
378,0.1291904933553294
379,0.12891103258810896
380,0.1286327372900765
381,0.12835560026919154
382,0.12807961439212248
383,0.12780477258365094
384,0.12753106782608284
385,0.12725849315866658
386,0.12698704167701855
387,0.12671670653255554
388,0.12644748093193361
389,0.12617935813649428
390,0.12591233146171696
391,0.12564639427667798
392,0.12538154000351648
393,0.1251177621169059
394,0.12485505414353257
395,0.12459340966157995
396,0.12433282230021946
397,0.12407328573910659
398,0.12381479370788395
399,0.12355733998568935
400,0.12330091840066998
401,0.12304552282950239
402,0.122791147196918
403,0.12253778547523406
404,0.12228543168389033
405,0.12203407988899079
406,0.12178372420285102
407,0.12153435878355096
408,0.12128597783449202
409,0.12103857560396045
410,0.12079214638469475
411,0.12054668451345904
412,0.12030218437062004
413,0.12005864037973041
414,0.1198160470071156
415,0.11957439876146596
416,0.119333690193434
417,0.119093915895235
418,0.11885507050025303
419,0.11861714868265176
420,0.11838014515698854
421,0.1181440546778339
422,0.11790887203939475
423,0.11767459207514194
424,0.11744120965744234
425,0.11720871969719446
426,0.11697711714346848
427,0.1167463969831505
428,0.1165165542405903
429,0.1162875839772535
430,0.1160594812913769
431,0.11583224131762863
432,0.11560585922677113
433,0.11538033022532831
434,0.11515564955525637
435,0.11493181249361806
436,0.11470881435226082
437,0.11448665047749812
438,0.11426531624979451
439,0.1140448070834539
440,0.1138251184263115
441,0.11360624575942913
442,0.11338818459679323
443,0.11317093048501722
444,0.112954479003046
445,0.1127388257618645
446,0.11252396640420854
447,0.11230989660427979
448,0.1120966120674629
449,0.11188410853004607
450,0.11167238175894487
451,0.11146142755142831
452,0.11125124173484857
453,0.11104182016637308
454,0.1108331587327199
455,0.11062525334989526
456,0.11041809996293477
457,0.1102116945456466
458,0.1100060331003576
459,0.10980111165766235
460,0.10959692627617468
461,0.10939347304228153
462,0.10919074806989991
463,0.108988747500236
464,0.10878746750154693
465,0.10858690426890495
466,0.10838705402396437
467,0.10818791301473032
468,0.10798947751533071
469,0.10779174382578956
470,0.10759470827180385
471,0.10739836720452153
472,0.10720271700032273
473,0.10700775406060259
474,0.1068134748115566
475,0.10661987570396833
476,0.10642695321299879
477,0.10623470383797855
478,0.10604312410220144
479,0.1058522105527209
480,0.10566195976014782
481,0.10547236831845104
482,0.10528343284475919
483,0.10509514997916525
484,0.10490751638453252
485,0.10472052874630286
486,0.10453418377230672
487,0.10434847819257526
488,0.10416340875915385
489,0.10397897224591841
490,0.10379516544839244
491,0.1036119851835667
492,0.10342942828972032
493,0.10324749162624385
494,0.10306617207346402
495,0.10288546653247013
496,0.10270537192494218
497,0.10252588519298116
498,0.10234700329894006
499,0.10216872322525761
500,0.10199104197429289
501,0.10181395656816185
502,0.10163746404857557
503,0.1014615614766798
504,0.10128624593289624
505,0.10111151451676541
506,0.10093736434679093
507,0.10076379256028554
508,0.1005907963132181
509,0.10041837278006281
510,0.10024651915364927
511,0.10007523264501432
512,0.09990451048325517
513,0.0997343499153841
514,0.0995647482061842
515,0.09939570263806716
516,0.09922721051093145
517,0.099059269142023
518,0.09889187586579622
519,0.09872502803377689
520,0.09855872301442628
521,0.09839295819300642
522,0.09822773097144682
523,0.09806303876821233
524,0.09789887901817215
525,0.09773524917247055
526,0.09757214669839814
527,0.09740956907926492
528,0.09724751381427418
529,0.09708597841839783
530,0.09692496042225265
531,0.09676445737197782
532,0.09660446682911379
533,0.09644498637048178
534,0.09628601358806516
535,0.09612754608889089
536,0.09596958149491328
537,0.09581211744289779
538,0.09565515158430654
539,0.0954986815851845
540,0.0953427051260472
541,0.09518721990176873
542,0.09503222362147165
543,0.09487771400841723
544,0.09472368879989704
545,0.09457014574712544
546,0.09441708261513297
547,0.094264497182661
548,0.09411238724205684
549,0.09396075059917053
550,0.09380958507325167
551,0.09365888849684811
552,0.09350865871570485
553,0.09335889358866409
554,0.09320959098756651
555,0.09306074879715286
556,0.09291236491496682
557,0.09276443725125876
558,0.09261696372888997
559,0.09246994228323833
560,0.09232337086210443
561,0.0921772474256185
562,0.09203156994614846
563,0.09188633640820854
564,0.09174154480836874
565,0.09159719315516542
566,0.0914532794690121
567,0.09130980178211165
568,0.09116675813836873
569,0.09102414659330352
570,0.09088196521396569
571,0.09074021207884964
572,0.0905988852778101
573,0.09045798291197854
574,0.0903175030936806
575,0.09017744394635382
576,0.09003780360446648
577,0.08989858021343677
578,0.08975977192955305
579,0.08962137691989454
580,0.08948339336225272
581,0.08934581944505365
582,0.08920865336728064
583,0.08907189333839775
584,0.08893553757827409
585,0.0887995843171084
586,0.08866403179535473
587,0.08852887826364843
588,0.08839412198273286
589,0.08825976122338682
590,0.08812579426635257
591,0.08799221940226447
592,0.08785903493157797
593,0.0877262391644996
594,0.08759383042091759
595,0.08746180703033248
596,0.08733016733178907
597,0.08719890967380842
598,0.08706803241432072
599,0.08693753392059854
600,0.08680741256919076
601,0.08667766674585713
602,0.08654829484550305
603,0.08641929527211535
604,0.0862906664386983
605,0.08616240676721025
606,0.08603451468850083
607,0.08590698864224856
608,0.0857798270768993
609,0.08565302844960464
610,0.08552659122616145
611,0.08540051388095148
612,0.08527479489688168
613,0.08514943276532487
614,0.08502442598606118
615,0.08489977306721955
616,0.08477547252522004
617,0.0846515228847166
618,0.08452792267854015
619,0.08440467044764219
620,0.084281764741039
621,0.0841592041157562
622,0.08403698713677353
623,0.08391511237697068
624,0.08379357841707297
625,0.08367238384559779
626,0.08355152725880133
627,0.08343100726062586
628,0.08331082246264737
629,0.08319097148402368
630,0.083071452951443
631,0.08295226549907261
632,0.08283340776850857
633,0.08271487840872514
634,0.08259667607602521
635,0.08247879943399053
636,0.08236124715343304
637,0.08224401791234597
638,0.08212711039585562
639,0.08201052329617363
640,0.08189425531254925
641,0.0817783051512225
642,0.08166267152537725
643,0.08154735315509498
644,0.0814323487673087
645,0.08131765709575747
646,0.08120327688094092
647,0.08108920687007458
648,0.0809754458170453
649,0.08086199248236695
650,0.08074884563313661
651,0.08063600404299119
652,0.08052346649206424
653,0.08041123176694304
654,0.08029929866062628
655,0.0801876659724818
656,0.0800763325082049
657,0.07996529707977673
658,0.07985455850542333
659,0.0797441156095746
660,0.07963396722282387
661,0.07952411218188778
662,0.07941454932956628
663,0.07930527751470315
664,0.07919629559214675
665,0.07908760242271086
666,0.07897919687313633
667,0.07887107781605249
668,0.07876324412993929
669,0.07865569469908924
670,0.0785484284135703
671,0.07844144416918844
672,0.07833474086745078
673,0.07822831741552905
674,0.07812217272622322
675,0.07801630571792544
676,0.07791071531458423
677,0.07780540044566907
678,0.07770036004613502
679,0.07759559305638798
680,0.07749109842224969
681,0.07738687509492351
682,0.07728292203096025
683,0.07717923819222411
684,0.0770758225458592
685,0.07697267406425592
686,0.07686979172501811
687,0.07676717451092982
688,0.07666482140992296
689,0.07656273141504466
690,0.07646090352442518
691,0.07635933674124612
692,0.07625803007370859
693,0.07615698253500182
694,0.07605619314327186
695,0.07595566092159084
696,0.07585538489792602
697,0.07575536410510932
698,0.07565559758080703
699,0.07555608436748987
700,0.07545682351240296
701,0.0753578140675364
702,0.07525905508959571
703,0.0751605456399727
704,0.07506228478471662
705,0.07496427159450526
706,0.07486650514461649
707,0.07476898451489991
708,0.07467170878974881
709,0.07457467705807208
710,0.07447788841326676
711,0.07438134195319024
712,0.07428503678013326
713,0.07418897200079255
714,0.07409314672624419
715,0.07399756007191662
716,0.0739022111575643
717,0.07380709910724144
718,0.07371222304927567
719,0.07361758211624235
720,0.07352317544493858
721,0.07342900217635778
722,0.07333506145566439
723,0.07324135243216845
724,0.07314787425930072
725,0.07305462609458795
726,0.07296160709962793
727,0.07286881644006542
728,0.07277625328556746
729,0.0726839168097995
730,0.07259180619040129
731,0.07249992060896328
732,0.07240825925100278
733,0.0723168213059408
734,0.07222560596707844
735,0.07213461243157407
736,0.0720438399004203
737,0.0719532875784211
738,0.07186295467416923
739,0.07177284040002391
740,0.07168294397208838
741,0.07159326461018775
742,0.0715038015378471
743,0.07141455398226965
744,0.07132552117431495
745,0.07123670234847752
746,0.07114809674286546
747,0.07105970359917904
748,0.07097152216268991
749,0.07088355168221995
750,0.07079579141012061
751,0.07070824060225227
752,0.07062089851796363
753,0.07053376442007159
754,0.07044683757484078
755,0.07036011725196378
756,0.07027360272454096
757,0.07018729326906079
758,0.07010118816538019
759,0.07001528669670508
760,0.06992958814957087
761,0.06984409181382331
762,0.0697587969825994
763,0.06967370295230832
764,0.0695888090226127
765,0.06950411449640977
766,0.06941961867981288
767,0.069335320882133
768,0.06925122041586042
769,0.06916731659664649
770,0.06908360874328554
771,0.06900009617769697
772,0.06891677822490738
773,0.06883365421303284
774,0.0687507234732613
775,0.06866798533983526
776,0.06858543915003408
777,0.06850308424415712
778,0.06842091996550632
779,0.06833894566036944
780,0.06825716067800298
781,0.06817556437061548
782,0.06809415609335086
783,0.06801293520427192
784,0.06793190106434377
785,0.06785105303741763
786,0.0677703904902146
787,0.06768991279230939
788,0.06760961931611455
789,0.06752950943686445
790,0.06744958253259956
791,0.06736983798415061
792,0.06729027517512325
793,0.06721089349188236
794,0.06713169232353688
795,0.06705267106192435
796,0.06697382910159586
797,0.06689516583980101
798,0.0668166806764728
799,0.066738373014213
800,0.06666024225827707
801,0.06658228781655984
802,0.0665045090995807
803,0.06642690552046909
804,0.06634947649495038
805,0.06627222144133131
806,0.06619513978048595
807,0.06611823093584158
808,0.06604149433336462
809,0.0659649294015468
810,0.0658885355713913
811,0.06581231227639897
812,0.06573625895255482
813,0.06566037503831428
814,0.06558465997458994
815,0.06550911320473798
816,0.06543373417454502
817,0.06535852233221488
818,0.06528347712835544
819,0.06520859801596553
820,0.06513388445042216
821,0.06505933588946759
822,0.06498495179319641
823,0.06491073162404302
824,0.06483667484676896
825,0.0647627809284503
826,0.06468904933846534
827,0.06461547954848207
828,0.06454207103244591
829,0.06446882326656762
830,0.06439573572931108
831,0.06432280790138113
832,0.0642500392657117
833,0.06417742930745397
834,0.06410497751396438
835,0.06403268337479294
836,0.06396054638167165
837,0.0638885660285027
838,0.06381674181134708
839,0.0637450732284131
840,0.06367355978004498
841,0.06360220096871158
842,0.06353099629899506
843,0.06345994527757981
844,0.06338904741324133
845,0.06331830221683513
846,0.06324770920128592
847,0.06317726788157652
848,0.06310697777473719
849,0.06303683839983486
850,0.06296684927796233
851,0.06289700993222777
852,0.06282731988774418
853,0.06275777867161875
854,0.06268838581294263
855,0.06261914084278039
856,0.0625500432941599
857,0.06248109270206196
858,0.06241228860341023
859,0.062343630537061094
860,0.0622751180437936
861,0.06220675066629955
862,0.0621385279491735
863,0.062070449438903004
864,0.062002514683858694
865,0.06193472323428477
866,0.061867074642288994
867,0.06179956846183342
868,0.06173220424872466
869,0.06166498156060436
870,0.06159789995693991
871,0.061530958999014965
872,0.06146415824992009
873,0.0613974972745437
874,0.061330975639562565
875,0.061264592913432864
876,0.0611983486663811
877,0.06113224247039489
878,0.06106627389921418
879,0.06100044252832221
880,0.060934747934936626
881,0.06086918969800077
882,0.060803767398174786
883,0.06073848061782699
884,0.06067332894102519
885,0.06060831195352808
886,0.06054342924277666
887,0.0604786803978858
888,0.060414065009635684
889,0.06034958267046358
890,0.06028523297445523
891,0.060221015517336836
892,0.06015692989646663
893,0.060092975710826696
894,0.06002915256101487
895,0.059965460049236655
896,0.05990189777929708
897,0.05983846535659272
898,0.059775162388103834
899,0.05971198848238635
900,0.059648943249564025
901,0.05958602630132067
902,0.05952323725089234
903,0.059460575713059634
904,0.059398041304140045
905,0.0593356336419802
906,0.05927335234594845
907,0.05921119703692726
908,0.05914916733730566
909,0.0590872628709719
910,0.05902548326330591
911,0.05896382814117204
912,0.058902297132911736
913,0.05884088986833622
914,0.0587796059787192
915,0.058718445096789876
916,0.058657406856725575
917,0.05859649089414482
918,0.05853569684610006
919,0.058475024351070895
920,0.05841447304895687
921,0.05835404258107068
922,0.058293732590131195
923,0.05823354272025664
924,0.05817347261695773
925,0.05811352192713093
926,0.058053690299051705
927,0.05799397738236778
928,0.05793438282809256
929,0.05787490628859841
930,0.05781554741761015
931,0.0577563058701984
932,0.057697181302773216
933,0.05763817337307748
934,0.057579281740180566
935,0.05752050606447187
936,0.05746184600765452
937,0.05740330123273895
938,0.05734487140403673
939,0.05728655618715424
940,0.057228355248986465
941,0.057170268257710814
942,0.057112294882780974
943,0.05705443479492091
944,0.056996687666118546
945,0.056939053169619926
946,0.05688153097992317
947,0.05682412077277248
948,0.05676682222515221
949,0.056709635015280944
950,0.056652558822605635
951,0.056595593327795825
952,0.05653873821273774
953,0.056481993160528605
954,0.05642535785547088
955,0.05636883198306653
956,0.05631241523001138
957,0.05625610728418948
958,0.056199907834667495
959,0.05614381657168907
960,0.05608783318666939
961,0.056031957372189564
962,0.055976188821991235
963,0.05592052723097103
964,0.05586497229517521
965,0.055809523711794234
966,0.055754181179157494
967,0.05569894439672782
968,0.0556438130650963
969,0.05558878688597703
970,0.05553386556220176
971,0.055479048797714745
972,0.055424336297567565
973,0.055369727767914004
974,0.05531522291600483
975,0.05526082145018276
976,0.05520652307987743
977,0.05515232751560025
978,0.055098234468939446
979,0.055044243652555114
980,0.05499035478017421
981,0.05493656756658563
982,0.0548828817276353
983,0.05482929698022131
984,0.05477581304228911
985,0.05472242963282657
986,0.054669146471859324
987,0.05461596328044589
988,0.05456287978067301
989,0.05450989569565085
990,0.0544570107495084
991,0.05440422466738871
992,0.054351537175444394
993,0.054298948000832736
994,0.05424645687171154
995,0.05419406351723409
996,0.05414176766754498
997,0.054089569053775384
998,0.054037467408038685
999,0.05398546246342589
1000,0.053933553954001325
